  -0.000000 0.000000 0.332537
  0.034989 0.000000 0.332901
  0.017734 0.030719 0.337498
  -0.017786 0.030806 0.338438
  -0.035702 0.000000 0.339682
  -0.017525 -0.030355 0.333485
  0.017287 -0.029944 0.328994
  0.071927 0.000000 0.338205
  0.063463 0.036633 0.344621
  0.036677 0.063518 0.345020
  0.000000 0.072830 0.342594
  -0.036765 0.063679 0.345931
  -0.064128 0.037016 0.348235
  -0.074234 0.000000 0.349005
  -0.063943 -0.036909 0.347217
  -0.035821 -0.062022 0.336840
  0.000000 -0.069846 0.328545
  0.034766 -0.060211 0.327079
  0.060899 -0.035153 0.330708
  0.112794 0.000000 0.346977
  0.108029 0.037067 0.351205
  0.090744 0.070597 0.353621
  0.062747 0.096025 0.352961
  0.027797 0.109757 0.348431
  -0.009309 0.112337 0.346923
  -0.045514 0.103762 0.348717
  -0.078297 0.085073 0.355936
  -0.102967 0.055730 0.360414
  -0.115904 0.019338 0.361567
  -0.115738 -0.019308 0.360933
  -0.101798 -0.055063 0.355920
  -0.076598 -0.083162 0.347739
  -0.044128 -0.100556 0.337820
  -0.008821 -0.106410 0.328511
  0.025900 -0.102248 0.324552
  0.057943 -0.088675 0.325956
  0.084984 -0.066137 0.331360
  0.103476 -0.035508 0.336448
  0.155067 0.000000 0.348127
  0.153235 0.041049 0.356156
  0.141290 0.081598 0.366628
  0.113752 0.113755 0.361338
  0.078836 0.136548 0.354138
  0.040099 0.149669 0.348056
  0.000000 0.152492 0.342502
  -0.039576 0.147702 0.343450
  -0.078178 0.135454 0.351391
  -0.112700 0.112748 0.358247
  -0.140655 0.081254 0.365156
  -0.157147 0.042118 0.365568
  -0.162285 0.000000 0.364424
  -0.157140 -0.042100 0.365311
  -0.138417 -0.079880 0.358698
  -0.110150 -0.110082 0.349494
  -0.075642 -0.130942 0.339448
  -0.038020 -0.141828 0.329673
  0.000000 -0.143226 0.321584
  0.036808 -0.137332 0.319266
  0.071141 -0.123175 0.319367
  0.102219 -0.102191 0.324525
  0.128744 -0.074330 0.333897
  0.147079 -0.039410 0.341998
  0.199264 0.000000 0.345431
  0.197182 0.041917 0.349232
  0.190880 0.085046 0.362361
  0.168194 0.122256 0.360384
  0.135008 0.149926 0.349408
  0.099290 0.171995 0.344022
  0.060077 0.184932 0.336845
  0.020115 0.191437 0.333491
  -0.020029 0.190608 0.332024
  -0.059833 0.184196 0.335525
  -0.098125 0.169993 0.340039
  -0.134381 0.149314 0.348133
  -0.167185 0.121589 0.358569
  -0.186989 0.083290 0.354811
  -0.201249 0.042794 0.356607
  -0.204195 0.000000 0.353626
  -0.198775 -0.042234 0.351731
  -0.187049 -0.083270 0.354565
  -0.162665 -0.118145 0.348056
  -0.131604 -0.146114 0.340461
  -0.095716 -0.165741 0.331416
  -0.057011 -0.175374 0.319263
  -0.018845 -0.179221 0.312019
  0.018559 -0.176492 0.307261
  0.054921 -0.168972 0.307649
  0.089218 -0.154466 0.308834
  0.120342 -0.133577 0.311192
  0.148098 -0.107550 0.316808
  0.170091 -0.075697 0.322241
  0.188133 -0.039990 0.333162
  0.230686 0.000000 0.317508
  0.231903 0.042085 0.324405
  0.229619 0.086233 0.337952
  0.214900 0.128520 0.345140
  0.181881 0.158901 0.332411
  0.146224 0.183285 0.322566
  0.109143 0.202774 0.316882
  0.070291 0.216340 0.313098
  0.030327 0.223922 0.311058
  -0.010159 0.226250 0.311771
  -0.050620 0.221781 0.313105
  -0.091728 0.214676 0.321414
  -0.129246 0.195796 0.322903
  -0.164696 0.172281 0.328099
  -0.194475 0.141327 0.331001
  -0.215663 0.103864 0.329495
  -0.231294 0.063838 0.330295
  -0.240883 0.021684 0.332990
  -0.242921 -0.021868 0.335837
  -0.238016 -0.065719 0.340126
  -0.219239 -0.105589 0.334974
  -0.192307 -0.139679 0.327003
  -0.159952 -0.167212 0.318287
  -0.124441 -0.188429 0.310638
  -0.087378 -0.204397 0.305910
  -0.048350 -0.211795 0.298964
  -0.009618 -0.214128 0.294990
  0.028438 -0.209872 0.291433
  0.065436 -0.201321 0.291272
  0.100887 -0.187403 0.292817
  0.133858 -0.167772 0.295242
  0.163166 -0.142476 0.297928
  0.188031 -0.112287 0.301208
  0.207760 -0.077945 0.305233
  0.221698 -0.040223 0.309992
  0.258528 0.000000 0.287067
  0.258543 0.040940 0.290595
  0.255593 0.083047 0.298474
  0.243860 0.124269 0.304032
  0.221746 0.161119 0.304451
  0.189915 0.189864 0.298147
  0.153837 0.211630 0.290408
  0.116631 0.228793 0.285078
  0.078992 0.243072 0.283813
  0.040225 0.254012 0.285659
  0.000000 0.258577 0.287209
  -0.041142 0.259830 0.292225
  -0.082006 0.252387 0.294730
  -0.121942 0.239295 0.298244
  -0.161346 0.222116 0.304964
  -0.193267 0.193247 0.303500
  -0.223278 0.162262 0.306653
  -0.245745 0.125263 0.306530
  -0.261109 0.084872 0.305121
  -0.269789 0.042739 0.303473
  -0.275234 0.000000 0.305825
  -0.277629 -0.044004 0.312579
  -0.262973 -0.085455 0.307159
  -0.246563 -0.125666 0.307493
  -0.218221 -0.158529 0.299510
  -0.185963 -0.185900 0.291907
  -0.152108 -0.209324 0.287320
  -0.115278 -0.226218 0.281950
  -0.077417 -0.238265 0.278239
  -0.038525 -0.243191 0.273414
  0.000000 -0.246554 0.273831
  0.038408 -0.242472 0.272622
  0.075964 -0.233743 0.272910
  0.112830 -0.221423 0.275979
  0.147672 -0.203252 0.279023
  0.179763 -0.179786 0.282406
  0.206033 -0.149690 0.282832
  0.226320 -0.115291 0.281995
  0.243587 -0.079148 0.284461
  0.252963 -0.040061 0.284392
  0.286752 0.000000 0.258275
  0.286078 0.040210 0.260167
  0.282683 0.081074 0.264878
  0.272430 0.121315 0.268591
  0.253161 0.158185 0.268769
  0.231102 0.193991 0.271821
  0.197083 0.218882 0.265201
  0.161621 0.239591 0.260196
  0.124522 0.255248 0.255657
  0.087455 0.269106 0.254735
  0.049377 0.279985 0.255956
  0.010043 0.287551 0.259040
  -0.030478 0.289909 0.262424
  -0.072049 0.288940 0.268106
  -0.112798 0.279114 0.270998
  -0.152944 0.264872 0.275358
  -0.189412 0.242404 0.276948
  -0.221538 0.213923 0.277269
  -0.249879 0.181595 0.278235
  -0.271721 0.144546 0.277329
  -0.284032 0.103399 0.272247
  -0.292759 0.062225 0.269472
  -0.301147 0.021061 0.271874
  -0.307632 -0.021524 0.277952
  -0.299521 -0.063676 0.275803
  -0.284631 -0.103581 0.272656
  -0.267235 -0.142101 0.272551
  -0.240374 -0.174630 0.267496
  -0.211663 -0.204441 0.265033
  -0.177467 -0.227174 0.259600
  -0.141163 -0.244485 0.254178
  -0.104850 -0.259517 0.252025
  -0.067170 -0.269385 0.249970
  -0.028886 -0.274776 0.248737
  0.009752 -0.279306 0.251663
  0.048410 -0.274512 0.250962
  0.086959 -0.267638 0.253387
  0.123960 -0.254153 0.254606
  0.160157 -0.237495 0.257984
  0.192126 -0.213401 0.258581
  0.222446 -0.186716 0.261615
  0.245000 -0.153110 0.260177
  0.262508 -0.116878 0.258737
  0.276134 -0.079193 0.258729
  0.281961 -0.039627 0.256374
  0.312765 0.000000 0.227265
  0.310833 0.040081 0.227732
  0.307134 0.080556 0.230774
  0.297827 0.120603 0.233533
  0.282756 0.159288 0.235886
  0.260498 0.194474 0.236290
  0.232155 0.224912 0.234957
  0.198534 0.249023 0.231463
  0.162143 0.267480 0.227261
  0.125906 0.284417 0.225978
  0.088779 0.299100 0.226663
  0.050081 0.309672 0.227857
  0.010191 0.317680 0.230855
  -0.030905 0.320189 0.233609
  -0.073097 0.320124 0.238489
  -0.114681 0.311470 0.241040
  -0.157616 0.302121 0.247579
  -0.193612 0.277461 0.245719
  -0.226692 0.249514 0.244809
  -0.254566 0.216630 0.242728
  -0.276822 0.180126 0.239824
  -0.295207 0.142136 0.237970
  -0.307293 0.101997 0.235115
  -0.317397 0.061793 0.234799
  -0.325693 0.020906 0.237026
  -0.333750 -0.021434 0.243106
  -0.326015 -0.063483 0.241260
  -0.314036 -0.104242 0.240307
  -0.297311 -0.143167 0.239722
  -0.273503 -0.178035 0.237112
  -0.244209 -0.207900 0.233021
  -0.212708 -0.234240 0.229913
  -0.177888 -0.255006 0.225888
  -0.142503 -0.273129 0.223808
  -0.106116 -0.288332 0.223209
  -0.068444 -0.299846 0.223439
  -0.029631 -0.307118 0.224146
  0.009921 -0.309290 0.224781
  0.049969 -0.309039 0.227427
  0.089182 -0.300411 0.227627
  0.127229 -0.287331 0.228246
  0.163179 -0.269089 0.228560
  0.200292 -0.251209 0.233482
  0.234734 -0.227470 0.237677
  0.258483 -0.192933 0.234381
  0.278136 -0.156609 0.231832
  0.297541 -0.120477 0.233273
  0.306078 -0.080259 0.229878
  0.311025 -0.040102 0.227833
  0.342660 0.000000 0.197854
  0.337976 0.041038 0.196561
  0.332205 0.081887 0.197565
  0.321317 0.121860 0.198407
  0.305055 0.160089 0.198872
  0.284748 0.196551 0.199768
  0.259619 0.230069 0.200356
  0.228728 0.258289 0.199292
  0.193079 0.279782 0.196309
  0.156523 0.298224 0.194451
  0.119805 0.315866 0.195022
  0.081731 0.331532 0.197110
  0.041754 0.343780 0.199898
  0.000000 0.358215 0.206856
  -0.043223 0.355908 0.206967
  -0.086192 0.349557 0.207792
  -0.128430 0.338467 0.208913
  -0.170396 0.324560 0.211574
  -0.208120 0.301400 0.211380
  -0.245438 0.277064 0.213720
  -0.271088 0.240101 0.209003
  -0.296176 0.204435 0.207777
  -0.313030 0.164273 0.204069
  -0.324033 0.122835 0.199926
  -0.335571 0.082670 0.199366
  -0.345120 0.041883 0.200530
  -0.353809 -0.000000 0.204154
  -0.356299 -0.043254 0.207149
  -0.346585 -0.085383 0.205907
  -0.332379 -0.125990 0.205049
  -0.314257 -0.164899 0.204828
  -0.288255 -0.198938 0.202165
  -0.260584 -0.230894 0.201052
  -0.228043 -0.257453 0.198610
  -0.193353 -0.280155 0.196557
  -0.156826 -0.298797 0.194821
  -0.118936 -0.313529 0.193558
  -0.081276 -0.329758 0.196087
  -0.040723 -0.335256 0.194923
  0.000000 -0.340647 0.196616
  0.041374 -0.340612 0.198036
  0.082537 -0.334719 0.198966
  0.122199 -0.322032 0.198761
  0.161366 -0.307349 0.200348
  0.197452 -0.285960 0.200557
  0.230978 -0.260629 0.200977
  0.263530 -0.233436 0.203221
  0.290129 -0.200219 0.203456
  0.309371 -0.162284 0.201530
  0.328596 -0.124595 0.202828
  0.339259 -0.083614 0.201709
  0.340872 -0.041380 0.198169
  0.369868 0.000000 0.164580
  0.365346 0.041909 0.163661
  0.356264 0.082819 0.162761
  0.343317 0.122439 0.162159
  0.328211 0.161303 0.162716
  0.307510 0.197545 0.162632
  0.283079 0.231422 0.162743
  0.253684 0.261008 0.162034
  0.220518 0.285939 0.160747
  0.185506 0.307561 0.159879
  0.149811 0.327961 0.160493
  0.112664 0.346654 0.162251
  0.073288 0.361567 0.164209
  0.031960 0.371944 0.166156
  -0.010900 0.381508 0.169913
  -0.055170 0.383754 0.172627
  -0.100768 0.383579 0.176659
  -0.142513 0.366100 0.174939
  -0.185239 0.351210 0.176857
  -0.221274 0.323628 0.174563
  -0.260243 0.300540 0.177147
  -0.285676 0.262266 0.172728
  -0.313030 0.227585 0.172480
  -0.329829 0.186352 0.168791
  -0.342470 0.144754 0.165586
  -0.353228 0.103704 0.163869
  -0.365626 0.063264 0.165163
  -0.383338 0.021931 0.171095
  -0.381024 -0.021784 0.169868
  -0.377130 -0.065240 0.170286
  -0.367921 -0.107987 0.170601
  -0.349392 -0.147570 0.168708
  -0.329371 -0.185945 0.168318
  -0.301435 -0.218921 0.165775
  -0.274637 -0.252058 0.165967
  -0.241696 -0.278915 0.164307
  -0.206000 -0.301184 0.162413
  -0.170995 -0.324041 0.163112
  -0.133010 -0.341595 0.163194
  -0.093465 -0.355533 0.163656
  -0.052214 -0.363026 0.163245
  -0.010538 -0.368738 0.164187
  0.031777 -0.369803 0.165195
  0.075282 -0.371528 0.168776
  0.115603 -0.355608 0.166408
  0.157255 -0.344292 0.168498
  0.198400 -0.329126 0.171164
  0.232015 -0.300888 0.169171
  0.264127 -0.271742 0.168691
  0.293888 -0.240247 0.168943
  0.324025 -0.208235 0.171483
  0.343351 -0.168756 0.170243
  0.358895 -0.128000 0.169532
  0.370227 -0.086072 0.169161
  0.373489 -0.042845 0.167318
  0.398498 0.000000 0.129413
  0.395008 0.043717 0.129115
  0.385920 0.086485 0.128499
  0.371323 0.127454 0.127525
  0.354722 0.167375 0.127415
  0.336786 0.207068 0.128500
  0.312578 0.243407 0.128811
  0.278031 0.270495 0.126051
  0.244463 0.296843 0.124951
  0.211912 0.324469 0.125967
  0.176462 0.348874 0.127095
  0.137661 0.367813 0.127648
  0.095466 0.376877 0.126292
  0.054424 0.392466 0.128737
  0.011005 0.399224 0.129763
  -0.033010 0.398328 0.129857
  -0.076861 0.393465 0.130256
  -0.119399 0.381693 0.129931
  -0.160363 0.365525 0.129671
  -0.200947 0.348076 0.130600
  -0.234696 0.319243 0.128710
  -0.267144 0.290166 0.128137
  -0.291837 0.254083 0.125674
  -0.318952 0.221210 0.126164
  -0.334728 0.181145 0.123664
  -0.351681 0.142850 0.123348
  -0.364863 0.103160 0.123170
  -0.383123 0.063945 0.126252
  -0.404704 0.022349 0.131917
  -0.409240 -0.022595 0.133345
  -0.406077 -0.067795 0.133881
  -0.398688 -0.112797 0.134746
  -0.381412 -0.154978 0.133857
  -0.359794 -0.194794 0.133027
  -0.331828 -0.230150 0.131267
  -0.299082 -0.260457 0.128852
  -0.265382 -0.288194 0.127246
  -0.231314 -0.314607 0.126830
  -0.194765 -0.337212 0.126479
  -0.157268 -0.358468 0.127166
  -0.118746 -0.379773 0.129324
  -0.076680 -0.392744 0.130069
  -0.033143 -0.400170 0.130516
  0.011023 -0.399970 0.130028
  0.055776 -0.402426 0.132057
  0.099226 -0.391920 0.131384
  0.141726 -0.378602 0.131374
  0.183496 -0.362746 0.132137
  0.221968 -0.339900 0.131968
  0.258270 -0.313758 0.132120
  0.291391 -0.283587 0.132185
  0.322859 -0.251381 0.133019
  0.349675 -0.214978 0.133402
  0.373140 -0.176102 0.134081
  0.392031 -0.134603 0.134708
  0.401897 -0.090074 0.133841
  0.404694 -0.044792 0.132301
  0.423932 0.000000 0.090128
  0.422303 0.045164 0.090347
  0.410668 0.088846 0.089364
  0.397340 0.131499 0.089022
  0.377224 0.171210 0.088087
  0.356039 0.209865 0.087892
  0.331787 0.246639 0.087946
  0.299353 0.276456 0.086657
  0.265282 0.303249 0.085666
  0.231537 0.329745 0.085675
  0.197012 0.355872 0.086511
  0.159524 0.378239 0.087309
  0.117063 0.388254 0.086200
  0.075989 0.403105 0.087208
  0.032770 0.409495 0.087333
  -0.010864 0.407978 0.086752
  -0.053497 0.399415 0.085643
  -0.094476 0.386539 0.084549
  -0.134137 0.371761 0.083967
  -0.173178 0.356001 0.084118
  -0.210030 0.335589 0.084127
  -0.242297 0.308510 0.083348
  -0.274675 0.282110 0.083701
  -0.298763 0.247703 0.082496
  -0.318288 0.211130 0.081177
  -0.332983 0.172962 0.079709
  -0.349962 0.136794 0.079824
  -0.363886 0.099184 0.080097
  -0.384964 0.062025 0.082885
  -0.397815 0.021203 0.084683
  -0.412385 -0.021991 0.087865
  -0.413626 -0.066677 0.089138
  -0.407595 -0.111218 0.089891
  -0.394090 -0.154180 0.090033
  -0.372750 -0.193770 0.089354
  -0.349939 -0.232251 0.089335
  -0.320656 -0.265912 0.088575
  -0.289776 -0.297637 0.088311
  -0.258729 -0.329667 0.089114
  -0.220198 -0.351958 0.088254
  -0.180690 -0.371591 0.087829
  -0.140992 -0.391097 0.088394
  -0.097606 -0.399584 0.087442
  -0.054479 -0.406903 0.087274
  -0.010974 -0.412186 0.087663
  0.032934 -0.411557 0.087775
  0.076406 -0.405252 0.087662
  0.119152 -0.395169 0.087733
  0.161523 -0.382820 0.088338
  0.200491 -0.362030 0.087984
  0.236136 -0.336216 0.087341
  0.274121 -0.313442 0.088565
  0.304721 -0.281381 0.088192
  0.336999 -0.250455 0.089290
  0.363783 -0.214383 0.089770
  0.389734 -0.176879 0.091000
  0.409659 -0.135553 0.091754
  0.423192 -0.091553 0.092084
  0.426479 -0.045600 0.091200
  0.425351 0.000000 0.044680
  0.425607 0.044737 0.044986
  0.414640 0.088136 0.044555
  0.402188 0.130700 0.044459
  0.382025 0.170093 0.043954
  0.357659 0.206468 0.043397
  0.334684 0.243210 0.043496
  0.302753 0.272593 0.042816
  0.272372 0.302542 0.042794
  0.237295 0.326593 0.042428
  0.203699 0.352883 0.042833
  0.167652 0.376709 0.043354
  0.126939 0.390738 0.043187
  0.086099 0.405203 0.043552
  0.042685 0.406117 0.042919
  0.000000 0.401122 0.042148
  -0.041909 0.398702 0.042133
  -0.083859 0.394677 0.042422
  -0.123142 0.379080 0.041900
  -0.160448 0.360399 0.041467
  -0.197480 0.342136 0.041532
  -0.230737 0.317666 0.041278
  -0.260795 0.289736 0.040988
  -0.287504 0.258995 0.040697
  -0.310147 0.225470 0.040336
  -0.328096 0.189525 0.039856
  -0.343628 0.153047 0.039559
  -0.357567 0.116190 0.039521
  -0.372883 0.079260 0.040069
  -0.386582 0.040630 0.040853
  -0.396355 0.000000 0.041653
  -0.400001 -0.042035 0.042260
  -0.397198 -0.084406 0.042661
  -0.387615 -0.125900 0.042810
  -0.375282 -0.167052 0.043161
  -0.358782 -0.207138 0.043541
  -0.336140 -0.244205 0.043665
  -0.311275 -0.280277 0.044025
  -0.283628 -0.315065 0.044568
  -0.250988 -0.345566 0.044906
  -0.212818 -0.368699 0.044755
  -0.171327 -0.384837 0.044278
  -0.127807 -0.393256 0.043451
  -0.084765 -0.398616 0.042818
  -0.042662 -0.405809 0.042880
  0.000000 -0.406022 0.042664
  0.042783 -0.407003 0.043008
  0.084813 -0.398877 0.042849
  0.125837 -0.387116 0.042767
  0.168061 -0.377498 0.043434
  0.204696 -0.354513 0.043022
  0.238839 -0.328669 0.042692
  0.273365 -0.303603 0.042939
  0.303953 -0.273649 0.042979
  0.334178 -0.242760 0.043404
  0.362356 -0.209169 0.043963
  0.388555 -0.172978 0.044695
  0.409564 -0.133070 0.045260
  0.421745 -0.089633 0.045307
  0.429174 -0.045105 0.045351
  0.419420 0.000000 0.000000
  0.415237 0.043628 0.000000
  0.407250 0.086545 0.000000
  0.391331 0.127110 0.000000
  0.373503 0.166252 0.000000
  0.348360 0.201028 0.000000
  0.327816 0.238181 0.000000
  0.297758 0.268081 0.000000
  0.267809 0.297439 0.000000
  0.234289 0.322441 0.000000
  0.200979 0.348134 0.000000
  0.163732 0.367742 0.000000
  0.123691 0.380565 0.000000
  0.083897 0.394699 0.000000
  0.041763 0.397278 0.000000
  0.000000 0.393261 0.000000
  -0.040880 0.388876 0.000000
  -0.081410 0.383085 0.000000
  -0.119452 0.367657 0.000000
  -0.157136 0.353011 0.000000
  -0.192575 0.333641 0.000000
  -0.224338 0.308831 0.000000
  -0.253324 0.281407 0.000000
  -0.278574 0.250904 0.000000
  -0.299216 0.217448 0.000000
  -0.316839 0.182961 0.000000
  -0.334648 0.149038 0.000000
  -0.350590 0.113943 0.000000
  -0.366533 0.077933 0.000000
  -0.379619 0.039910 0.000000
  -0.387689 0.000000 0.000000
  -0.390543 -0.041048 0.000000
  -0.385787 -0.081981 0.000000
  -0.375137 -0.121828 0.000000
  -0.363248 -0.161659 0.000000
  -0.348956 -0.201427 0.000000
  -0.329997 -0.239737 0.000000
  -0.304005 -0.273645 0.000000
  -0.276237 -0.306705 0.000000
  -0.244564 -0.336543 0.000000
  -0.208118 -0.360401 0.000000
  -0.168787 -0.379054 0.000000
  -0.127087 -0.391082 0.000000
  -0.084670 -0.398288 0.000000
  -0.042322 -0.402627 0.000000
  0.000000 -0.403623 0.000000
  0.042641 -0.405787 0.000000
  0.084555 -0.397817 0.000000
  0.124917 -0.384389 0.000000
  0.166047 -0.373024 0.000000
  0.203673 -0.352872 0.000000
  0.236770 -0.325914 0.000000
  0.271064 -0.301147 0.000000
  0.299716 -0.269886 0.000000
  0.327665 -0.238038 0.000000
  0.353177 -0.203842 0.000000
  0.379476 -0.168921 0.000000
  0.400215 -0.130018 0.000000
  0.413233 -0.087814 0.000000
  0.420103 -0.044142 0.000000
  0.410366 0.000000 -0.043137
  0.403194 0.042373 -0.042602
  0.392043 0.083313 -0.042110
  0.379956 0.123452 -0.041988
  0.361621 0.161002 -0.041604
  0.339558 0.196044 -0.041210
  0.313084 0.227435 -0.040664
  0.284520 0.256104 -0.040218
  0.256433 0.284739 -0.040265
  0.224638 0.309071 -0.040141
  0.194644 0.337154 -0.040921
  0.159024 0.357178 -0.041094
  0.120502 0.370798 -0.040972
  0.080956 0.380789 -0.040910
  0.040546 0.385709 -0.040758
  0.000000 0.381046 -0.040036
  -0.039874 0.379346 -0.040087
  -0.078610 0.369795 -0.039733
  -0.116630 0.358961 -0.039670
  -0.154038 0.346070 -0.039824
  -0.189127 0.327692 -0.039781
  -0.219771 0.302533 -0.039309
  -0.248197 0.275703 -0.038999
  -0.271924 0.244876 -0.038468
  -0.292017 0.212183 -0.037945
  -0.309852 0.178913 -0.037612
  -0.325902 0.145116 -0.037503
  -0.341287 0.110905 -0.037725
  -0.355311 0.075534 -0.038189
  -0.366617 0.038537 -0.038752
  -0.374932 0.000000 -0.039416
  -0.375713 -0.039487 -0.039702
  -0.373190 -0.079319 -0.040095
  -0.363314 -0.118016 -0.040131
  -0.349923 -0.155735 -0.040231
  -0.337995 -0.195138 -0.041019
  -0.319361 -0.232041 -0.041494
  -0.294917 -0.265512 -0.041701
  -0.266422 -0.295797 -0.041824
  -0.236915 -0.326045 -0.042354
  -0.202636 -0.350978 -0.042596
  -0.163901 -0.368103 -0.042348
  -0.124538 -0.383347 -0.042370
  -0.083220 -0.391581 -0.042081
  -0.041416 -0.394052 -0.041645
  0.000000 -0.398470 -0.041888
  0.041866 -0.398475 -0.042125
  0.083307 -0.392059 -0.042139
  0.123258 -0.379420 -0.041937
  0.162287 -0.364605 -0.041958
  0.198829 -0.344500 -0.041821
  0.232863 -0.320636 -0.041669
  0.262587 -0.291686 -0.041260
  0.290282 -0.261362 -0.041053
  0.318712 -0.231558 -0.041406
  0.343219 -0.198122 -0.041642
  0.368030 -0.163850 -0.042339
  0.389158 -0.126461 -0.043017
  0.404335 -0.085965 -0.043466
  0.406888 -0.042761 -0.042992
  0.392217 0.000000 -0.083426
  0.384844 0.041148 -0.082298
  0.374716 0.081057 -0.081520
  0.359981 0.119110 -0.080621
  0.338905 0.153768 -0.079092
  0.319313 0.188169 -0.078790
  0.294414 0.218723 -0.077955
  0.269377 0.248691 -0.077933
  0.243134 0.277932 -0.078514
  0.213939 0.304678 -0.079162
  0.182544 0.329706 -0.080144
  0.145877 0.345683 -0.079759
  0.107385 0.356010 -0.079016
  0.068845 0.364978 -0.078921
  0.029770 0.371882 -0.079290
  -0.009868 0.370478 -0.078764
  -0.049288 0.368082 -0.078939
  -0.087945 0.359997 -0.078773
  -0.125771 0.348785 -0.078815
  -0.162070 0.333310 -0.078782
  -0.197022 0.314945 -0.078980
  -0.226245 0.288146 -0.077862
  -0.252980 0.259780 -0.077065
  -0.276402 0.229156 -0.076316
  -0.295810 0.196240 -0.075458
  -0.311998 0.162123 -0.074737
  -0.328451 0.128451 -0.074987
  -0.342820 0.093517 -0.075569
  -0.353633 0.056989 -0.076167
  -0.363246 0.019367 -0.077370
  -0.367171 -0.019577 -0.078205
  -0.363291 -0.058537 -0.078228
  -0.356391 -0.097194 -0.078523
  -0.346511 -0.135505 -0.079100
  -0.332059 -0.172576 -0.079565
  -0.312860 -0.207560 -0.079813
  -0.290883 -0.241173 -0.080322
  -0.266570 -0.273809 -0.081244
  -0.237960 -0.303165 -0.081942
  -0.206158 -0.329616 -0.082672
  -0.169114 -0.347846 -0.082227
  -0.131114 -0.363654 -0.082183
  -0.090709 -0.371255 -0.081228
  -0.050560 -0.377495 -0.080943
  -0.010136 -0.380548 -0.080901
  0.030963 -0.386949 -0.082531
  0.071413 -0.378744 -0.081923
  0.111974 -0.371430 -0.082474
  0.149185 -0.353469 -0.081545
  0.184482 -0.332998 -0.080905
  0.219922 -0.313158 -0.081357
  0.252124 -0.288237 -0.081433
  0.280128 -0.258655 -0.081066
  0.306956 -0.228085 -0.081303
  0.329079 -0.193882 -0.081168
  0.351112 -0.159306 -0.081941
  0.369396 -0.122202 -0.082701
  0.380899 -0.082373 -0.082828
  0.388819 -0.041569 -0.083134
  0.367303 0.000000 -0.119414
  0.360128 0.039868 -0.117774
  0.347030 0.077768 -0.115544
  0.334354 0.114795 -0.114883
  0.316269 0.149257 -0.113639
  0.295560 0.181680 -0.112725
  0.273261 0.212700 -0.112523
  0.249185 0.242452 -0.112990
  0.222216 0.269872 -0.113613
  0.192686 0.294982 -0.114505
  0.159854 0.315896 -0.115040
  0.125515 0.335298 -0.116346
  0.087574 0.345788 -0.115892
  0.049322 0.355714 -0.116691
  0.009887 0.358689 -0.116592
  -0.029475 0.355643 -0.115934
  -0.068638 0.351317 -0.116288
  -0.107500 0.343623 -0.116965
  -0.145454 0.331527 -0.117607
  -0.181756 0.314747 -0.118070
  -0.215846 0.293652 -0.118408
  -0.241579 0.262282 -0.115783
  -0.268337 0.233643 -0.115572
  -0.291345 0.202038 -0.115217
  -0.307048 0.166161 -0.113432
  -0.322103 0.130831 -0.112968
  -0.336614 0.095210 -0.113713
  -0.345479 0.057657 -0.113830
  -0.352988 0.019479 -0.114905
  -0.353381 -0.019496 -0.114990
  -0.350888 -0.058552 -0.115582
  -0.342204 -0.096754 -0.115524
  -0.332328 -0.135003 -0.116582
  -0.317147 -0.171696 -0.117248
  -0.293303 -0.203378 -0.115974
  -0.269135 -0.234390 -0.115961
  -0.242331 -0.263247 -0.116260
  -0.212834 -0.289594 -0.116783
  -0.178855 -0.309721 -0.116184
  -0.144344 -0.329006 -0.116715
  -0.108846 -0.348044 -0.118500
  -0.070075 -0.358745 -0.118767
  -0.030132 -0.363536 -0.118498
  0.010131 -0.367466 -0.119420
  0.050784 -0.366149 -0.120088
  0.090602 -0.357668 -0.119853
  0.130196 -0.347722 -0.120636
  0.165027 -0.325962 -0.118662
  0.199537 -0.305320 -0.118471
  0.233389 -0.283397 -0.119292
  0.260558 -0.253408 -0.118056
  0.289334 -0.225187 -0.119120
  0.315031 -0.193670 -0.120176
  0.336088 -0.158630 -0.120786
  0.352540 -0.121055 -0.121158
  0.360157 -0.080712 -0.119922
  0.365209 -0.040423 -0.119398
  0.340303 0.000000 -0.151505
  0.335017 0.038442 -0.150155
  0.325227 0.075633 -0.148683
  0.312398 0.111476 -0.147706
  0.295850 0.145470 -0.146800
  0.276189 0.177496 -0.146171
  0.256001 0.209379 -0.147293
  0.230978 0.237711 -0.147601
  0.203612 0.264094 -0.148501
  0.173185 0.287232 -0.149351
  0.141213 0.309329 -0.151449
  0.105012 0.323259 -0.151354
  0.067182 0.331532 -0.150598
  0.029350 0.341815 -0.152778
  -0.009757 0.341502 -0.152101
  -0.048813 0.339422 -0.152646
  -0.087962 0.334524 -0.153958
  -0.126998 0.326069 -0.155744
  -0.164052 0.310736 -0.156357
  -0.200028 0.292405 -0.157658
  -0.231921 0.267553 -0.157576
  -0.258463 0.237124 -0.156088
  -0.285271 0.207305 -0.157053
  -0.300933 0.169936 -0.153859
  -0.314779 0.133009 -0.152114
  -0.329856 0.096874 -0.153116
  -0.336028 0.058144 -0.151799
  -0.341714 0.019537 -0.152349
  -0.345019 -0.019729 -0.153869
  -0.338636 -0.058589 -0.152942
  -0.332256 -0.097563 -0.154186
  -0.321188 -0.135794 -0.155368
  -0.299174 -0.168983 -0.153023
  -0.274138 -0.199173 -0.150868
  -0.247446 -0.227095 -0.149526
  -0.218629 -0.252293 -0.148623
  -0.188358 -0.275448 -0.148559
  -0.156299 -0.296198 -0.149098
  -0.123291 -0.316712 -0.151335
  -0.086979 -0.330886 -0.152319
  -0.049275 -0.342684 -0.154132
  -0.009927 -0.347368 -0.154678
  0.029888 -0.347814 -0.155369
  0.070632 -0.348581 -0.158351
  0.108871 -0.334964 -0.156771
  0.145971 -0.319536 -0.156364
  0.178994 -0.296643 -0.154155
  0.211795 -0.274524 -0.154285
  0.243939 -0.250969 -0.155794
  0.269788 -0.220529 -0.155068
  0.296159 -0.190322 -0.156729
  0.314646 -0.154676 -0.156060
  0.330055 -0.117756 -0.156008
  0.338937 -0.078813 -0.154921
  0.342979 -0.039356 -0.153722
  0.319041 0.000000 -0.184188
  0.313907 0.038116 -0.182565
  0.304515 0.075049 -0.181046
  0.293424 0.111281 -0.181182
  0.278736 0.146301 -0.181765
  0.260487 0.179823 -0.182780
  0.237188 0.210130 -0.182951
  0.211639 0.238915 -0.184296
  0.181789 0.263387 -0.184786
  0.149093 0.284104 -0.185262
  0.114033 0.300738 -0.185727
  0.075961 0.308108 -0.183174
  0.038433 0.316471 -0.184034
  0.000000 0.321045 -0.185335
  -0.039010 0.321184 -0.186755
  -0.078431 0.318067 -0.189068
  -0.118561 0.312504 -0.192909
  -0.158200 0.301343 -0.196446
  -0.195115 0.282597 -0.198209
  -0.227662 0.256898 -0.198107
  -0.255321 0.226125 -0.196830
  -0.281187 0.194110 -0.197300
  -0.297513 0.156136 -0.193966
  -0.312266 0.118427 -0.192816
  -0.321152 0.079139 -0.190891
  -0.330678 0.040150 -0.192310
  -0.338381 -0.000000 -0.195497
  -0.333962 -0.040555 -0.194263
  -0.325079 -0.080123 -0.193294
  -0.313092 -0.118765 -0.193398
  -0.292483 -0.153532 -0.190765
  -0.265745 -0.183419 -0.186407
  -0.237917 -0.210770 -0.183503
  -0.207880 -0.234640 -0.180980
  -0.176650 -0.255903 -0.179514
  -0.144580 -0.275443 -0.179582
  -0.111677 -0.294459 -0.181817
  -0.076600 -0.310776 -0.184796
  -0.039299 -0.323680 -0.188258
  0.000000 -0.331174 -0.191219
  0.040113 -0.330353 -0.192126
  0.079731 -0.323448 -0.192316
  0.117513 -0.309780 -0.191244
  0.154817 -0.294984 -0.192344
  0.187778 -0.271997 -0.190789
  0.220876 -0.249340 -0.192336
  0.251417 -0.222807 -0.194036
  0.275594 -0.190263 -0.193402
  0.296191 -0.155485 -0.193198
  0.308921 -0.117157 -0.190746
  0.316597 -0.078024 -0.188215
  0.319939 -0.038844 -0.186040
  0.300172 0.000000 -0.218114
  0.297072 0.038308 -0.217665
  0.289812 0.076001 -0.217696
  0.279961 0.113354 -0.219477
  0.263462 0.148354 -0.219618
  0.244280 0.182279 -0.221390
  0.221839 0.214861 -0.224409
  0.193601 0.242833 -0.225707
  0.158894 0.262105 -0.222685
  0.123136 0.278162 -0.221009
  0.085754 0.288922 -0.218956
  0.047810 0.295700 -0.217617
  0.009588 0.298949 -0.217282
  -0.028957 0.300102 -0.219008
  -0.068194 0.298692 -0.222543
  -0.108929 0.295985 -0.229139
  -0.150092 0.287772 -0.235867
  -0.187867 0.269377 -0.238665
  -0.220730 0.243061 -0.238562
  -0.250658 0.213440 -0.239271
  -0.272931 0.177685 -0.236668
  -0.288958 0.139145 -0.232986
  -0.303969 0.100931 -0.232727
  -0.313696 0.061093 -0.232205
  -0.319607 0.020519 -0.232686
  -0.318331 -0.020433 -0.231656
  -0.316255 -0.061594 -0.234117
  -0.302499 -0.100427 -0.231536
  -0.284612 -0.137069 -0.229532
  -0.256838 -0.167133 -0.222536
  -0.228421 -0.194412 -0.217859
  -0.198768 -0.218866 -0.214806
  -0.166784 -0.239097 -0.211802
  -0.134369 -0.257561 -0.211064
  -0.101443 -0.275694 -0.213460
  -0.065949 -0.288935 -0.215318
  -0.028705 -0.297475 -0.217087
  0.009798 -0.305561 -0.222131
  0.049509 -0.306334 -0.225514
  0.088049 -0.296728 -0.224915
  0.124186 -0.280524 -0.222880
  0.159339 -0.262859 -0.223337
  0.191535 -0.240177 -0.223193
  0.224074 -0.217096 -0.226802
  0.248499 -0.185486 -0.225341
  0.266671 -0.150142 -0.222246
  0.285536 -0.115609 -0.223841
  0.293114 -0.076847 -0.220078
  0.299278 -0.038587 -0.219229
  0.280079 0.000000 -0.252193
  0.279226 0.039244 -0.253897
  0.272992 0.078267 -0.255638
  0.263605 0.117349 -0.259751
  0.244557 0.152722 -0.259370
  0.225874 0.189499 -0.265412
  0.200831 0.223132 -0.270430
  0.165438 0.245320 -0.266479
  0.127112 0.260629 -0.261106
  0.087507 0.269282 -0.254913
  0.048483 0.274930 -0.251345
  0.009722 0.278434 -0.250859
  -0.029368 0.279445 -0.253021
  -0.068937 0.276504 -0.256595
  -0.108888 0.269503 -0.261717
  -0.149638 0.259250 -0.269599
  -0.186961 0.239366 -0.273568
  -0.217448 0.209977 -0.272159
  -0.245221 0.178176 -0.272956
  -0.268369 0.142735 -0.273814
  -0.284100 0.103426 -0.272325
  -0.294711 0.062648 -0.271328
  -0.300665 0.021024 -0.271365
  -0.301833 -0.021106 -0.272412
  -0.295198 -0.062737 -0.271667
  -0.283318 -0.103125 -0.271499
  -0.261120 -0.138835 -0.266267
  -0.232779 -0.169100 -0.259008
  -0.201919 -0.194977 -0.252713
  -0.168739 -0.215957 -0.246742
  -0.135041 -0.233874 -0.243138
  -0.101708 -0.251781 -0.244544
  -0.065810 -0.263962 -0.244957
  -0.028636 -0.272440 -0.246646
  0.009649 -0.276293 -0.248922
  0.048316 -0.274028 -0.250554
  0.085980 -0.264631 -0.250547
  0.121763 -0.249658 -0.250110
  0.154704 -0.229326 -0.249042
  0.185798 -0.206325 -0.249963
  0.213644 -0.179246 -0.251060
  0.238735 -0.149189 -0.253509
  0.256834 -0.114353 -0.253147
  0.269945 -0.077409 -0.252880
  0.276349 -0.038835 -0.251237
  0.258581 0.000000 -0.287210
  0.260123 0.041202 -0.292525
  0.254388 0.082642 -0.296976
  0.244996 0.124835 -0.305393
  0.225463 0.163806 -0.309506
  0.200920 0.201017 -0.315844
  0.164461 0.226435 -0.310929
  0.122091 0.239560 -0.298549
  0.080274 0.246932 -0.288244
  0.040191 0.253729 -0.285283
  0.000000 0.255102 -0.283332
  -0.040057 0.252936 -0.284438
  -0.080003 0.246215 -0.287514
  -0.120215 0.235944 -0.294106
  -0.159766 0.219962 -0.302030
  -0.192364 0.192350 -0.302097
  -0.221657 0.161040 -0.304279
  -0.245811 0.125263 -0.306466
  -0.263850 0.085749 -0.308236
  -0.273133 0.043258 -0.307102
  -0.274653 0.000000 -0.304782
  -0.273747 -0.043345 -0.307655
  -0.267494 -0.086937 -0.312520
  -0.245027 -0.124849 -0.305425
  -0.216328 -0.157151 -0.296905
  -0.183588 -0.183556 -0.288263
  -0.148477 -0.204317 -0.280436
  -0.113632 -0.223034 -0.278022
  -0.076800 -0.236394 -0.276077
  -0.038843 -0.245272 -0.275825
  0.000000 -0.249048 -0.276636
  0.039044 -0.246590 -0.277342
  0.076202 -0.234516 -0.273849
  0.111382 -0.218563 -0.272396
  0.144338 -0.198628 -0.272635
  0.174147 -0.174101 -0.273394
  0.201276 -0.146214 -0.276237
  0.224128 -0.114199 -0.279368
  0.240162 -0.078028 -0.280416
  0.251695 -0.039864 -0.283006
  0.232392 0.000000 -0.319857
  0.235272 0.042695 -0.329112
  0.229325 0.086054 -0.337045
  0.216912 0.129614 -0.347852
  0.197651 0.172847 -0.361856
  0.159165 0.199662 -0.351599
  0.115634 0.214823 -0.335697
  0.072466 0.222901 -0.322443
  0.030733 0.226790 -0.314897
  -0.010227 0.227719 -0.313737
  -0.050765 0.222415 -0.314002
  -0.090680 0.212146 -0.317536
  -0.130036 0.197017 -0.324947
  -0.165099 0.172675 -0.328809
  -0.195906 0.142337 -0.333309
  -0.221322 0.106603 -0.338222
  -0.240428 0.066380 -0.343529
  -0.248110 0.022331 -0.342912
  -0.248447 -0.022358 -0.343264
  -0.246802 -0.068156 -0.352786
  -0.224084 -0.107920 -0.342364
  -0.195432 -0.141962 -0.332373
  -0.161542 -0.168897 -0.321530
  -0.125040 -0.189342 -0.312155
  -0.088590 -0.207275 -0.310267
  -0.049315 -0.216057 -0.305014
  -0.009852 -0.219355 -0.302216
  0.029376 -0.216895 -0.301293
  0.067263 -0.207057 -0.299704
  0.102353 -0.190215 -0.297324
  0.133912 -0.167889 -0.295520
  0.162996 -0.142382 -0.297819
  0.188116 -0.112381 -0.301551
  0.208200 -0.078132 -0.306028
  0.223445 -0.040549 -0.312574
  0.200977 0.000000 -0.348042
  0.202248 0.042977 -0.357955
  0.194448 0.086548 -0.368469
  0.178461 0.129691 -0.382236
  0.147891 0.164306 -0.383047
  0.107628 0.186445 -0.372933
  0.063705 0.196019 -0.356927
  0.020852 0.198325 -0.345315
  -0.020539 0.195367 -0.340185
  -0.060604 0.186466 -0.339514
  -0.099426 0.172174 -0.344292
  -0.136847 0.152008 -0.354328
  -0.167881 0.121984 -0.359487
  -0.191457 0.085238 -0.362970
  -0.208353 0.044288 -0.368968
  -0.214297 0.000000 -0.371092
  -0.215851 -0.045907 -0.382609
  -0.199169 -0.088709 -0.377869
  -0.170404 -0.123788 -0.364727
  -0.136302 -0.151318 -0.352568
  -0.099469 -0.172239 -0.344405
  -0.060421 -0.185955 -0.338655
  -0.020021 -0.190478 -0.331733
  0.019852 -0.188931 -0.329113
  0.057682 -0.177549 -0.323382
  0.092836 -0.160823 -0.321687
  0.123501 -0.137146 -0.319620
  0.151300 -0.109924 -0.323914
  0.174157 -0.077541 -0.330207
  0.190890 -0.040573 -0.337994
  0.166271 0.000000 -0.373495
  0.166959 0.044743 -0.388334
  0.152614 0.088109 -0.395784
  0.125584 0.125588 -0.398920
  0.087087 0.150824 -0.391136
  0.043651 0.162873 -0.378660
  0.000000 0.163695 -0.367565
  -0.041835 0.156064 -0.362769
  -0.081651 0.141385 -0.366602
  -0.118468 0.118473 -0.376328
  -0.146445 0.084531 -0.379648
  -0.167510 0.044884 -0.389505
  -0.174984 0.000000 -0.392918
  -0.170782 -0.045761 -0.397114
  -0.151124 -0.087238 -0.391825
  -0.120608 -0.120579 -0.382934
  -0.083697 -0.144974 -0.376002
  -0.042342 -0.158059 -0.367602
  0.000000 -0.159534 -0.358398
  0.040195 -0.150019 -0.348855
  0.077386 -0.134080 -0.347824
  0.109387 -0.109413 -0.347601
  0.135973 -0.078522 -0.352789
  0.155538 -0.041684 -0.361776
  0.126695 0.000000 -0.389944
  0.123179 0.042286 -0.400787
  0.104254 0.081135 -0.406520
  0.072210 0.110528 -0.406344
  0.031770 0.125456 -0.398302
  -0.010436 0.125927 -0.388834
  -0.050438 0.114957 -0.386267
  -0.086248 0.093679 -0.391841
  -0.113395 0.061351 -0.396642
  -0.131489 0.021947 -0.410459
  -0.131484 -0.021940 -0.410236
  -0.116563 -0.063073 -0.407823
  -0.088063 -0.095645 -0.400052
  -0.051469 -0.117361 -0.394480
  -0.010254 -0.123762 -0.382240
  0.029484 -0.116404 -0.369502
  0.065070 -0.099580 -0.366038
  0.094613 -0.073634 -0.368943
  0.116418 -0.039970 -0.378890
  0.086040 0.000000 -0.404997
  0.075254 0.043444 -0.408743
  0.043767 0.075813 -0.411869
  0.000000 0.086305 -0.406026
  -0.043027 0.074520 -0.404806
  -0.075642 0.043672 -0.410934
  -0.089261 0.000000 -0.420147
  -0.076081 -0.043918 -0.413183
  -0.043443 -0.075253 -0.408841
  0.000000 -0.084201 -0.396131
  0.041332 -0.071587 -0.388874
  0.072246 -0.041715 -0.392530
  0.043080 0.000000 -0.409949
  0.021768 0.037705 -0.414258
  -0.021729 0.037633 -0.413444
  -0.043786 0.000000 -0.416583
  -0.021718 -0.037619 -0.413299
  0.021273 -0.036843 -0.404749
  0.000000 0.000000 -0.415881